0,567
0,409
0,305
31,0
32,0
34,0
33,0
35,0
36,0
42,0
41,0
40,0
39,0
38,0
37,0
23,0
24,0
22,0
21,0
17,0
20,0
19,0
26,0
18,0
15,0
14,0
25,0
13,0
16,0
29,0
28,0
12,0
27,0
11,0
5,0
3,0
4,0
1,0
2,0
10,0
58,0
46,0
44,0
0,308
0,304
0,303
0,302
0,307
0,12
0,408
0,10
0,8
0,0
0,486
0,446
0,300
0,512
0,299
0,485
0,445
0,298
0,565
0,511
0,297
0,484
0,444
0,296
0,566
0,510
0,295
0,509
0,443
0,294
0,534
0,508
0,293
0,507
0,442
0,292
0,533
0,506
0,291
0,483
0,441
0,290
0,547
0,505
0,289
0,482
0,440
0,288
0,532
0,287
0,481
0,439
0,286
0,504
0,285
0,503
0,559
0,284
0,564
0,531
0,283
0,480
0,437
0,282
0,530
0,502
0,281
0,479
0,563
0,280
0,529
0,501
0,279
0,478
0,435
0,278
0,528
0,500
0,277
0,477
0,434
0,276
0,546
0,499
0,275
0,526
0,433
0,274
0,562
0,545
0,273
0,476
0,432
0,272
0,558
0,475
0,271
0,525
0,431
0,270
0,561
0,474
0,269
0,527
0,430
0,268
0,560
0,473
0,267
0,524
0,429
0,266
0,498
0,472
0,265
0,523
0,428
0,264
0,556
0,471
0,263
0,522
0,427
0,262
0,555
0,470
0,261
0,521
0,426
0,260
0,554
0,469
0,259
0,520
0,425
0,258
0,544
0,496
0,257
0,468
0,424
0,256
0,495
0,255
0,467
0,423
0,254
0,494
0,400
0,253
0,422
0,399
0,252
0,551
0,398
0,251
0,421
0,397
0,250
0,550
0,396
0,249
0,420
0,395
0,248
0,553
0,394
0,247
0,419
0,393
0,246
0,493
0,392
0,245
0,418
0,391
0,244
0,519
0,390
0,242
0,417
0,389
0,241
0,492
0,388
0,240
0,416
0,387
0,239
46,3
46,1
10,3
10,1
1,1
1,3
2,1
2,4
2,3
58,1
58,3
0,9
0,549
0,386
0,238
0,415
0,385
0,237
0,543
0,384
0,236
0,414
0,383
0,235
0,491
0,382
0,234
0,413
0,381
0,233
0,490
0,380
0,232
0,466
0,379
0,231
0,542
0,378
0,230
0,465
0,377
0,229
0,541
0,376
0,228
0,464
0,375
0,227
0,489
0,374
0,226
0,412
0,373
0,225
0,410
0,372
0,224
0,463
0,371
0,223
0,518
0,370
0,222
0,462
0,369
0,221
0,540
0,368
0,220
0,461
0,367
0,219
0,539
0,366
0,218
0,460
0,365
0,217
0,538
0,364
0,216
0,459
0,363
0,215
0,488
0,362
0,214
0,458
0,361
0,213
0,537
0,360
0,212
0,457
0,359
0,211
0,536
0,358
0,210
0,456
0,357
0,209
0,517
0,356
0,208
0,455
0,355
0,207
0,487
0,354
0,206
0,454
0,353
0,205
0,516
0,352
0,204
0,453
0,351
0,203
0,407
0,350
0,202
0,452
0,349
0,201
0,406
0,348
0,200
0,405
0,347
0,199
0,552
0,334
0,198
0,515
0,333
0,197
0,404
0,332
0,196
0,403
0,331
0,195
0,402
0,330
0,194
0,345
0,329
0,193
0,344
0,328
0,192
0,346
0,327
0,63
0,342
0,326
0,62
0,341
0,325
0,61
0,343
0,324
0,60
0,339
0,322
0,59
0,338
0,321
0,58
0,340
0,320
0,57
0,336
0,319
0,56
0,335
0,318
0,55
0,337
0,317
0,54
0,450
0,316
0,53
0,535
0,315
0,52
0,401
0,314
0,51
0,514
0,313
0,50
0,449
0,312
0,49
0,513
0,311
0,48
0,448
0,310
0,47
0,557
0,309
0,46
0,447
0,306
0,45
0,548
0,301
0,6
0,5
0,1
0,11
0,4
0,2
0,3
0,7
